$ANSIBLE_VAULT;1.1;AES256
32353963343165373332353431633838313939626661643163323337396533613264633662336461
3534366165666636323736373934656561623531653932340a663866393864626363663866633635
33666131613830333062393830336266363532376639613230386233303137313534663561313466
3538663634656134620a373030663131616332646361643363666533323164336261316533656437
38666335626337623836333338323964616566386432646436336131386463366662356264333665
31343062313732336130383932653464396361633265646332613131336266303166656332346538
66396666353363626130656132643139363362663930336165393435643764616234626664323030
61386261633338373035303964323237313537313463386464356635613937373439653336383136
63643439343737363265623935393333373664343337306638383032326266373034616164636666
64313064356136373663653564396439626665393131646661323932373738323964303364633965
62383564376234623532306538323664616561373134626537373261633437343235396637643532
30356432613634656130643538663432643836393865346430663638383438646666326539633462
36316238633432613239326430613961333439386333333330396562363938333930383532383130
33323330396165336236623538646335303931316537373063666432613238323931666163646265
323630336532386338656432366564346430
